/*
 * diehard_operm5 test header.
 */

/*
 * function prototype
 */
int diehard_operm5(Test **test, int irun);

static Dtest diehard_operm5_dtest = {
  "Diehard OPERM5 Test",
  "diehard_operm5",
"\n\
#==================================================================\n\
#          Diehard Overlapping 5-Permutations Test.\n\
# This is the OPERM5 test.  It looks at a sequence of one mill- \n\
# ion 32-bit random integers.  Each set of five consecutive     \n\
# integers can be in one of 120 states, for the 5! possible or- \n\
# derings of five numbers.  Thus the 5th, 6th, 7th,...numbers   \n\
# each provide a state. As many thousands of state transitions  \n\
# are observed,  cumulative counts are made of the number of    \n\
# occurences of each state.  Then the quadratic form in the     \n\
# weak inverse of the 120x120 covariance matrix yields a test   \n\
# equivalent to the likelihood ratio test that the 120 cell     \n\
# counts came from the specified (asymptotically) normal dis-   \n\
# tribution with the specified 120x120 covariance matrix (with  \n\
# rank 99).  This version uses 1,000,000 integers, twice.       \n\
#\n\
# Note that Dieharder runs the test 100 times, not twice, by\n\
# default.\n\
#\n\
# WARNING! This test currently fails ALL RNGs including ones that\n\
# are strongly believed to be \"good\" ones (that pass the other \n\
# dieharder tests).  DO NOT USE THIS TEST TO ASSESS RNGs!  It very\n\
# likely contains either implementation bugs or incorrect data used\n\
# to compute the test statistic.  rgb\n\
#==================================================================\n",
  100,
  1000000,
  1,
  diehard_operm5,
  0
};

static int r[60][60] = {
{  5817257,  -6873271,  -5128747,  -5402629,    777663,    980677,
   2407731,   2347927,   2954082,   2749952,   2512448,   3103860,
   2631372,   1019585,   5833700,  -1609797,   -136098,     14746,
   4199803,  15820046,  15661640,   5888319,  -3837421,  -1317810,
   -375269,   -496546,    149397,     21483,   -341148,    314595,
   2772502,    843578,   8843654,  -1211426,   2341534,   3013752,
   1250340,   -699051,   -654566,    961558,  -2338987,  -2621631,
   2873613,   1261792,   8000951,  -1746067,      6638,    -47636,
  -5088578,  -5013620,  -3253847,  -3180615,   2711412,   3844202,
    880534,  -1042552,   6946781,  -3015244,    406795,   1147260 },
{ -6873271,   5940872,  -5186478,  -5307926,    773214,    938192,
   2462991,   2185748,   2756969,   2860993,   2501911,   3080424,
   2695718,   1101077,   7899915,  -3833937,   -175045,    -54950,
   6072206,  13434946,  15661640,   5768163,  -3875391,  -1169953,
   -292941,   -536013,    124632,     45505,   -337415,    265604,
   2721922,    823928,   8523149,  -1017852,   2281795,   2999166,
   1218871,   -700064,   -634661,    957048,  -2629675,  -2235002,
   2733295,   1136430,   7885100,  -1626583,    -58766,    124832,
  -4795309,  -5249849,  -3154841,  -3094350,   2642865,   3795316,
    872576,  -1015702,   6779035,  -2926770,    386412,   1127795 },
{ -5128747,  -5186478,  12208259,   1266547,  -1384963,  -1449671,
  -3169754,  -1595651,  -1946939,  -1940155,  -3378061,  -3782485,
  -1922633,  -1103400,  -4529238,   1922627,     67943,   -594084,
  -4436559, -10716612, -12948181,  -3099354,   3086687,    741196,
    127286,    909813,    551771,    418521,   -174949,   -545067,
  -1869313,   -876135,  -7345496,    178672,  -2378999,  -2769171,
  -1090475,    331067,    236296,   -551403,   2892697,   2810799,
  -2367546,  -1617469,  -4838379,   1451362,   -568191,    978772,
    574172,   2759542,    386836,   3123220,  -1235398,  -2188412,
   -119033,    987303,  -5601207,   1946655,   -583034,  -1102184 },
{ -5402629,  -5307926,   1266547,  12576469,  -1912105,  -1491496,
  -1977361,  -3787433,  -3866431,  -3931068,  -2169174,  -2042830,
  -2367628,  -1217010,  -5574861,   2386416,   -567819,    399012,
  -5292193, -13303845, -13360923,  -5639180,   3651213,   1466137,
    880935,   -148585,   -363477,   -353888,    618037,    631948,
  -2599440,  -1019748,  -8865897,    687501,  -2968293,  -3124000,
  -1089813,    119334,    419444,   -786927,   3367082,   3316348,
  -2961598,  -1738843,  -6050705,   1707414,    789397,   -308316,
   1178460,   3734616,   3617835,   1360963,  -2307922,  -2689133,
   -407480,   1067944,  -6848988,   2699162,   -925197,  -1068995 },
{   777663,    773214,  -1384963,  -1912105,  11788007,   1145706,
   1193936,    968826,   3495027,   3575638,   1116536,   3617330,
   3145167,    110228,   7883910,  -2325769,    103020,   -580856,
   7068780,  17106824,  17369039,   5744570,  -6152687,   -983990,
   -364426,   -482051,    205432,    171091,   -512242,    192023,
   3244057,   1864653,  11153794,   -125218,   2622003,   3388711,
   1601939,   -856517,   -817212,    825017,  -3038222,  -2961270,
   3416768,   2474327,   8116870,  -1917663,    572557,   -258900,
  -3200854,  -5353978,  -3054952,  -4014445,    410478,   3983005,
   1088413,  -1375640,   8044077,  -3289536,    441887,   1325474 },
{   980677,    938192,  -1449671,  -1491496,   1145706,  12630118,
   3156565,   3488013,   1910767,   1992878,   2735849,   1745194,
   2635085,   1072076,   9179053,  -2371600,   -331321,   -726418,
   7681229,  19285416,  19432752,   6482845,  -4523253,  -3272693,
   -597204,   -336131,    -60141,    313513,   -626813,    170991,
   4236377,   1050429,  11461421,  -1234081,   3788310,   4585317,
   1236864,   -894703,  -1197329,   1736061,  -3427987,  -3398261,
   5012230,   1426003,   9463295,  -1841304,    154862,   -198796,
  -3804025,  -5955104,  -4195634,  -4485277,   2898985,   1978361,
   1142239,   -988737,   9409193,  -3205744,    894517,   1606478 },
{  2407731,   2462991,  -3169754,  -1977361,   1193936,   3156565,
   7707161,  -3210627,  -1751105,  -1898045,  -4862023,  -3470391,
  -2214791,   -164614,  -5625407,   1704720,   -162789,   1058901,
  -4040265, -11094051, -11240782,  -4277352,   3075254,   1065447,
    234919,   -912108,    650889,    150505,     89522,   -509848,
  -1766909,    277069,  -7775749,   1180521,  -1906123,  -2596068,
   -578000,    357487,    367605,   -646039,   2484350,   2560723,
  -2311007,   -195134,  -5880504,   1481832,   -645252,    765355,
   2637470,   2458334,    907216,   2880116,  -2988096,  -1995274,
   -783123,    393286,  -5564831,   1655303,   -297358,  -1033184 },
{  2347927,   2185748,  -1595651,  -3787433,    968826,   3488013,
  -3210627,   7473799,  -3528010,  -3376497,  -3304459,  -1503292,
  -2411204,     89031,  -5943125,   1917870,   1311823,   -122953,
  -4332928, -11706073, -11653524,  -3963993,   3185910,   1308114,
  -1090325,    -48253,   -510843,   -290876,   1024800,    623728,
  -1974078,    169173,  -6030119,   -477907,  -2291701,  -2499215,
   -533396,    449148,    352872,   -885457,   2684378,   2523291,
  -2661828,   -154622,  -6156614,   1638839,    973738,   -705099,
   2787313,   2932584,   3357426,   1068284,  -3746916,  -2087932,
   -673963,    -44993,  -5854907,   2108010,   -584389,   -737864 },
{  2954082,   2756969,  -1946939,  -3866431,   3495027,   1910767,
  -1751105,  -3528010,   7674168,  -5061376,  -1170678,  -3391201,
  -1173129,   -624707,  -4576847,   1695880,    476307,   -158287,
  -3332444,  -9534973,  -9589812,  -3359207,   2586819,    946168,
    852391,   -121459,   -417820,   -187145,   -994183,    727155,
  -1116115,   -339665,  -5873899,    366444,   -529818,  -3127321,
   -861888,    762433,    675088,   -804551,   2122875,   2007541,
  -1390150,   -899468,  -4708544,   1257097,    336976,   -271853,
   2382850,   2263714,   2150539,    755793,   -943518,  -3487005,
   -942169,    853872,  -5023503,   1542516,   -396522,   -857101 },
{  2749952,   2860993,  -1940155,  -3931068,   3575638,   1992878,
  -1898045,  -3376497,  -5061376,   7676071,  -1157770,  -3401474,
  -1256009,   -647207,  -4486485,   1690858,    608305,   -257057,
  -3350870,  -9555891,  -9589812,  -3250732,   2572294,    948690,
    646779,     76395,   -432195,   -170690,   1147802,  -1408811,
  -1083128,   -383340,  -5876692,    381082,  -2650521,   -978117,
   -962546,    746717,    749606,   -760829,   2024721,   2095214,
  -1355683,   -815464,  -5012953,   1493020,    421631,   -389564,
   2325617,   2413194,   2271141,    678383,  -1024047,  -3555556,
   -851184,    779183,  -4684921,   1214615,   -415255,   -854396 },
{  2512448,   2501911,  -3378061,  -2169174,   1116536,   2735849,
  -4862023,  -3304459,  -1170678,  -1157770,   8064414,  -3701394,
  -2310077,    287117,  -5317816,   1555682,    130010,    978906,
  -4169702, -11195194, -11240782,  -4157808,   3204649,   1299856,
    130348,   1033123,  -1142203,    701920,    -27570,   -660547,
  -1635451,  -1672910,  -5915594,   1031074,  -1979946,  -2368771,
   -664404,    614133,    645425,  -1082134,   2441715,   2443669,
  -2964969,   -100626,  -5598599,   1199646,   -218183,    621491,
   2897493,   2894383,   1396294,   3009586,  -3031303,  -2134450,
   -403409,    839727,  -5502336,   1239352,  -1319653,  -1327582 },
{  3103860,   3080424,  -3782485,  -2042830,   3617330,   1745194,
  -3470391,  -1503292,  -3391201,  -3401474,  -3701394,   7209204,
   -664777,   -850019,  -3914508,   1380687,   -396598,    882119,
  -3458436,  -9122862,  -9177070,  -3454519,   2713532,   1139070,
     -9605,   1098575,    766756,  -1302001,   -282375,   -582102,
  -2863014,   -392040,  -5742588,     66937,   -664050,  -1225271,
  -1034744,    544433,    606184,   -476333,   2033048,   2032012,
  -1039768,  -1543121,  -4192878,   1227365,   -664222,    753326,
   2349673,   2331917,    192786,   2496085,   -814587,  -3847450,
   -315744,   1314137,  -4125681,   1287673,   -515796,  -1501943 },
{  2631372,   2695718,  -1922633,  -2367628,   3145167,   2635085,
  -2214791,  -2411204,  -1173129,  -1256009,  -2310077,   -664777,
   9788325,    207618,    816655,   -768078,  -1874570,  -1613116,
    235288,   1694932,   1621948,    377883,   -507902,   -243766,
    773939,    679052,    391398,     78143,     70943,    516176,
  -2961954,    104444,    936801,    186178,   -971859,  -1257559,
    238423,    462669,    670075,    314213,   -672481,   -566615,
  -1309880,  -1073728,   1594210,    361560,    472243,    414552,
   -597724,   -260047,   -772016,   -887315,    216603,   1073384,
  -1323896,   -231085,    509060,   -359227,    499417,    197952 },
{  1019585,   1101077,  -1103400,  -1217010,    110228,   1072076,
   -164614,     89031,   -624707,   -647207,    287117,   -850019,
    207618,   9689335,    704290,  -2495107,   -343154,   -545326,
   1594815,   4764261,   4694945,   1741823,   -997869,   -298676,
   -333203,   -157564,    218154,    283497,    127218,   -147690,
    764431,  -2838739,   1284848,  -1411175,    796176,   1142228,
    598938,   -102712,     48775,   1098536,  -1137672,  -1030484,
   -190599,  -1133802,   2347281,   -484327,    960682,    908055,
  -1281146,   -997818,  -1308632,  -1286716,   1401975,    747166,
    -70699,  -1684165,   2374406,   -334264,   -130586,    172260 },
{  5833700,   7899915,  -4529238,  -5574861,   7883910,   9179053,
  -5625407,  -5943125,  -4576847,  -4486485,  -5317816,  -3914508,
    816655,    704290,  12856576,  -3650442,   -153223,   -509349,
   2984690,   6258554,   6402344,    758796,  -1671327,   -526914,
       472,   -173308,    381688,   -160284,     71948,    598991,
   1047898,  -1081349,   5230227,    283473,    949081,   1517248,
   1102581,   -184126,   -184437,   1235250,  -2015041,  -1859118,
   2256388,    834088,   2086134,   -801538,   -649920,   1155134,
   -692225,  -1974792,  -1934348,  -2169637,    884616,   1606568,
     60140,  -2105033,   4180691,   -919229,    -60329,    382106 },
{ -1609797,  -3833937,   1922627,   2386416,  -2325769,  -2371600,
   1704720,   1917870,   1695880,   1690858,   1555682,   1380687,
   -768078,  -2495107,  -3650442,  16061715,    284740,    738712,
 -15990290, -39765302, -39992484, -13609368,   9753282,   2972046,
    156313,    398252,   -793746,    -90924,    240150,   -692225,
  -6722501,  -3772274, -23064086,   2458558,  -6920292,  -7778422,
  -2161491,   1501233,   1325224,  -2446757,   7918006,   7606452,
  -6908594,  -2985205, -19436137,   4164401,    147843,  -1345055,
   8477804,   9636350,   9222882,   9766063,  -6790882,  -8657391,
  -2361496,    460093, -18777173,   6979470,  -2385573,  -3107404 },
{  -136098,   -175045,     67943,   -567819,    103020,   -331321,
   -162789,   1311823,    476307,    608305,    130010,   -396598,
  -1874570,   -343154,   -153223,    284740,   8943975,  -1726046,
  -4422865, -11965780, -11979204,  -4298851,   3162346,   1105638,
  -1701684,    969212,   -119091,     -9373,  -1028843,  -1922549,
  -3197247,   -773590,  -6887291,    370210,   -890213,  -1733307,
   -744361,    921020,    773952,   -860450,   2177367,   2171512,
  -1578001,     82087,  -6649715,   2701955,  -2078191,   -154198,
   2614010,   2515825,   2606238,   3755822,  -2042299,  -3216470,
  -2271286,    202674,  -5822175,   1364777,     91778,   -759997 },
{    14746,    -54950,   -594084,    399012,   -580856,   -726418,
   1058901,   -122953,   -158287,   -257057,    978906,    882119,
  -1613116,   -545326,   -509349,    738712,  -1726046,   9279076,
  -4122768, -12397404, -12391946,  -4508748,   3316732,   1261182,
    601366,  -1733920,  -1652447,  -1685738,    458865,    205135,
  -3458419,   -842673,  -6972261,    527616,  -1230943,  -1544141,
   -784368,    985452,    885839,  -1107901,   2315732,   2157857,
  -1772253,     29449,  -5009984,    946688,   -309783,  -1779855,
   2773685,   2303574,   3556282,   2884208,  -2088659,  -2834284,
  -2541311,    179041,  -5926123,   1727548,   -243610,   -508396 },
{  4199803,   6072206,  -4436559,  -5292193,   7068780,   7681229,
  -4040265,  -4332928,  -3332444,  -3350870,  -4169702,  -3458436,
    235288,   1594815,   2984690, -15990290,  -4422865,  -4122768,
   -169515, -28616431, -28456656,  -8272206,   5944023,   1391497,
    485357,    302324,   -110825,   -524670,   -196731,   -977499,
  -4449426,  -1278290, -17503766,   1839778,  -4409581,  -5168434,
  -1911570,   1277831,   1087315,  -2245147,   5878400,   5664632,
  -5254766,  -2052598, -12525819,   2249452,   -760678,   -200644,
   5096033,   7585065,   6981948,   5551021,  -4598968,  -6184469,
  -1312378,   1910194, -14358844,   4952535,  -1312334,  -2111121 },
{ 15820046,  13434946, -10716612, -13303845,  17106824,  19285416,
 -11094051, -11706073,  -9534973,  -9555891, -11195194,  -9122862,
   1694932,   4764261,   6258554, -39765302, -11965780, -12397404,
 -28616431,  30614535,  17938173,   6069703,  -5141440,  -2452230,
   -103399,   -496191,    122684,    393306,     -3324,    566726,
   3441613,   1599877,  10965699,   -524256,   3387788,   3919040,
   1422213,   -446145,   -526119,   1510412,  -3928170,  -3932323,
   3871650,   1934802,   8916034,  -2690702,    481386,    192736,
  -4163786,  -3890368,  -6141496,  -4425174,   3039163,   4071256,
   1008284,   -859215,   8542837,  -2865634,   1060847,   1616493 },
{ 15661640,  15661640, -12948181, -13360923,  17369039,  19432752,
 -11240782, -11653524,  -9589812,  -9589812, -11240782,  -9177070,
   1621948,   4694945,   6402344, -39992484, -11979204, -12391946,
 -28456656,  17938173,  17938173,    996719,  -2434152,    932374,
    -96427,   -220179,    -58991,    238588,    118573,    324122,
   1231670,    777902,   3346342,   -205884,   1209513,   1379528,
    452829,   -128851,     99329,    589815,  -1361698,  -1180023,
   1389694,    949257,   2644065,  -1080600,    338992,   -127446,
  -1231583,  -2950726,   -956807,  -1519733,    628094,   1443407,
    427124,    -92232,   2537576,   -990861,    413479,    652123 },
{  5888319,   5768163,  -3099354,  -5639180,   5744570,   6482845,
  -4277352,  -3963993,  -3359207,  -3250732,  -4157808,  -3454519,
    377883,   1741823,    758796, -13609368,  -4298851,  -4508748,
  -8272206,   6069703,    996719,   -471422,   6195991,   1113967,
    149453,    586130,   -240462,   -399150,   -155398,   -961888,
  -4449688,  -1287357, -15294819,   -325756,  -4396733,  -5152212,
  -2127711,   1175047,   1191243,  -2026174,   5763885,   5756828,
  -5394757,  -2209287, -15074258,   4780945,   -306775,   -304869,
   6116930,   5044574,   5755905,   5855058,  -3347241,  -5023645,
  -1292896,   1911983, -12155731,   2753977,  -1306931,  -2119034 },
{ -3837421,  -3875391,   3086687,   3651213,  -6152687,  -4523253,
   3075254,   3185910,   2586819,   2572294,   3204649,   2713532,
   -507902,   -997869,  -1671327,   9753282,   3162346,   3316732,
   5944023,  -5141440,  -2434152,   6195991,  30596457,   5128965,
    754357,    967489,   -977486,  -1008316,    643303,  -1400440,
 -12958386,  -4650101, -44458241,   1661554, -12902311, -14956077,
  -5499032,   2838837,   2653009,  -5547818,  15749833,  15441678,
 -14780057,  -6668242, -36591537,   9732117,  -1394283,   -684778,
  17053686,  16846975,  16925457,  17740069, -10816408, -17150081,
  -3704620,   4622406, -35229968,  10987703,  -3590848,  -5669752 },
{ -1317810,  -1169953,    741196,   1466137,   -983990,  -3272693,
   1065447,   1308114,    946168,    948690,   1299856,   1139070,
   -243766,   -298676,   -526914,   2972046,   1105638,   1261182,
   1391497,  -2452230,    932374,   1113967,   5128965,  17938173,
    654583,   1067326,   -996386,   -996386,    654583,  -1409128,
 -13004611,  -4694945, -44687429,   1707399, -12946569, -15010281,
  -5549450,   2760215,   2760215,  -5549450,  15661640,  15661640,
 -14868401,  -6558735, -36722790,   9672038,  -1267248,   -854505,
  17073993,  17073993,  17227159,  17639902, -13090061, -15153773,
  -3685660,   4624005, -35368479,  11026349,  -3627619,  -5691331 },
{  -375269,   -292941,    127286,    880935,   -364426,   -597204,
    234919,  -1090325,    852391,    646779,    130348,     -9605,
    773939,   -333203,       472,    156313,  -1701684,    601366,
    485357,   -103399,    -96427,    149453,    754357,    654583,
   9631898,  -1482633,     54818,    -22922,  -3162578,  -1646591,
  -1985126,  -1181733,  -7097260,    453277,  -3345419,  -1996393,
   -812280,    784881,    857171,   -502614,   2435906,   2422919,
  -1673523,  -1532476,  -5928779,   1352122,  -1765015,    288456,
   2407858,   2242905,   2337000,   3499857,  -1642341,  -2653975,
   -104749,   1590181,  -6486955,   2704544,  -2191444,   -860476 },
{  -496546,   -536013,    909813,   -148585,   -482051,   -336131,
   -912108,    -48253,   -121459,     76395,   1033123,   1098575,
    679052,   -157564,   -173308,    398252,    969212,  -1733920,
    302324,   -496191,   -220179,    586130,    967489,   1067326,
  -1482633,   9131652,  -1750631,  -1402232,  -1529487,    433940,
  -1873892,  -1577241,  -7430724,    775874,  -3809289,  -1785056,
   -851404,    930039,    885092,   -756411,   2516119,   2516287,
  -1981708,  -1520743,  -6312272,   1579176,    443212,  -1765501,
   2589914,   2723308,   3868037,   2631217,  -2338451,  -2857429,
   -336626,   1456269,  -4733684,   1188362,  -2559537,   -533359 },
{   149397,    124632,    551771,   -363477,    205432,    -60141,
    650889,   -510843,   -417820,   -432195,  -1142203,    766756,
    391398,    218154,    381688,   -793746,   -119091,  -1652447,
   -110825,    122684,    -58991,   -240462,   -977486,   -996386,
     54818,  -1750631,   9635236,  -3480355,    234715,  -1713339,
  -1786009,   -942300,  -6582053,    567358,  -1268897,  -3199024,
     94337,    278625,    223866,     -1227,   1998075,   1954983,
  -1882173,   -989347,  -4837419,   1501913,   -378133,  -1579650,
   2169282,   1939921,   2835185,   2284326,  -1471866,  -2331364,
    603310,    774412,  -4564306,   1649815,    546095,  -3560514 },
{    21483,     45505,    418521,   -353888,    171091,    313513,
    150505,   -290876,   -187145,   -170690,    701920,  -1302001,
     78143,    283497,   -160284,    -90924,     -9373,  -1685738,
   -524670,    393306,    238588,   -399150,  -1008316,   -996386,
    -22922,  -1402232,  -3480355,   9133055,    576931,  -1838090,
  -1575644,   -546667,  -5974924,    102294,  -1609096,  -3954897,
    245672,     84620,    174242,     69164,   2035174,   2040868,
  -2039600,   -666835,  -5288842,   1679362,    -63614,  -1983947,
   2125508,   2331261,   3175056,   2199594,  -1918560,  -2327297,
    474751,    231166,  -5196035,   1875155,   -931648,  -1133053 },
{  -341148,   -337415,   -174949,    618037,   -512242,   -626813,
     89522,   1024800,   -994183,   1147802,    -27570,   -282375,
     70943,    127218,     71948,    240150,  -1028843,    458865,
   -196731,     -3324,    118573,   -155398,    643303,    654583,
  -3162578,  -1529487,    234715,    576931,   9773489,  -1862392,
  -1398658,   -521372,  -7079075,    102521,  -4088987,  -2503670,
   -646979,    958975,    915398,   -912326,   2433740,   2400479,
  -2163102,  -1113484,  -6239150,   1369007,  -1551509,    -55720,
   2828224,   2821130,   3000805,   3768919,  -2097824,  -2821885,
   -223074,   -602973,  -4947020,   2564102,  -2223357,   -901689 },
{   314595,    265604,   -545067,    631948,    192023,    170991,
   -509848,    623728,    727155,  -1408811,   -660547,   -582102,
    516176,   -147690,    598991,   -692225,  -1922549,    205135,
   -977499,    566726,    324122,   -961888,  -1400440,  -1409128,
  -1646591,    433940,  -1713339,  -1838090,  -1862392,   8706420,
  -1366175,   -519201,  -5818939,    115095,  -1601087,  -4568129,
    257121,    -40389,   -142522,    367959,   2032813,   1977819,
  -1731039,  -1039554,  -4723662,   1379294,  -2100472,     68686,
   2239639,   2209012,   1929147,   3196402,  -1858975,  -2543681,
   -956770,    713196,  -4624084,   1609316,   1105386,  -1561099 },
{  2772502,   2721922,  -1869313,  -2599440,   3244057,   4236377,
  -1766909,  -1974078,  -1116115,  -1083128,  -1635451,  -2863014,
  -2961954,    764431,   1047898,  -6722501,  -3197247,  -3458419,
  -4449426,   3441613,   1231670,  -4449688, -12958386, -13004611,
  -1985126,  -1873892,  -1786009,  -1575644,  -1398658,  -1366175,
   9977044,    -10005,    738692,   -243966,  -1685611,  -1277420,
    613866,    998578,  -1141612,    274748,   -398265,   -403453,
  -1280821,   1087012,   1393099,    592586,    376394,     72343,
   -801939,   -841500,   -544546,   -895294,   -133277,    916054,
  -1535713,   -471115,    418431,   -500743,     23010,    169846 },
{   843578,    823928,   -876135,  -1019748,   1864653,   1050429,
    277069,    169173,   -339665,   -383340,  -1672910,   -392040,
    104444,  -2838739,  -1081349,  -3772274,   -773590,   -842673,
  -1278290,   1599877,    777902,  -1287357,  -4650101,  -4694945,
  -1181733,  -1577241,   -942300,   -546667,   -521372,   -519201,
    -10005,  10057852,   1115332,  -1483870,    684017,    102058,
   1144549,    128732,    125507,   -700360,   -851573,   -849399,
   1747805,  -1125075,   2181772,   -307616,    882249,    761661,
  -1217332,  -1182985,  -1419944,  -1535269,   1248311,    347458,
   -226997,  -1943992,   1859797,   -501906,     59397,   -138990 },
{  8843654,   8523149,  -7345496,  -8865897,  11153794,  11461421,
  -7775749,  -6030119,  -5873899,  -5876692,  -5915594,  -5742588,
    936801,   1284848,   5230227, -23064086,  -6887291,  -6972261,
 -17503766,  10965699,   3346342, -15294819, -44458241, -44687429,
  -7097260,  -7430724,  -6582053,  -5974924,  -7079075,  -5818939,
    738692,   1115332,  19603777,  -3093355,   2705916,   3198213,
   1279848,    -89116,   -147602,   1323054,  -2640907,  -4821370,
   3326828,     26654,   9292167,  -2513710,    -56919,   -250815,
  -4451120,  -3165932,  -3434306,  -3564544,   3493641,   3467468,
    724596,   -622178,   6745180,  -2739488,    752126,   1361112 },
{ -1211426,  -1017852,    178672,    687501,   -125218,  -1234081,
   1180521,   -477907,    366444,    381082,   1031074,     66937,
    186178,  -1411175,    283473,   2458558,    370210,    527616,
   1839778,   -524256,   -205884,   -325756,   1661554,   1707399,
    453277,    775874,    567358,    102294,    102521,    115095,
   -243966,  -1483870,  -3093355,  10734403,  -5132425,  -6004834,
  -2452839,   1523012,   1570478,  -2067370,   5007404,   7163899,
  -6403237,  -4721012, -15151743,   5283223,   -625742,   -179878,
   7573329,   6289278,   6598196,   7073180,  -3058860,  -5889436,
  -1742525,   2385418, -14706099,   3413449,  -1547209,  -2557578 },
{  2341534,   2281795,  -2378999,  -2968293,   2622003,   3788310,
  -1906123,  -2291701,   -529818,  -2650521,  -1979946,   -664050,
   -971859,    796176,    949081,  -6920292,   -890213,  -1230943,
  -4409581,   3387788,   1209513,  -4396733, -12902311, -12946569,
  -3345419,  -3809289,  -1268897,  -1609096,  -4088987,  -1601087,
  -1685611,    684017,   2705916,  -5132425,   9429030,  -1579437,
    323947,  -1105324,   1021651,    613824,   -400720,   -407706,
  -1344265,   -157865,    297588,   -536963,    876120,    576127,
   -238217,   -239680,   -462730,   -697919,    368196,   1243333,
    216098,    769755,   1283325,    568448,  -1851094,   -247410 },
{  3013752,   2999166,  -2769171,  -3124000,   3388711,   4585317,
  -2596068,  -2499215,  -3127321,   -978117,  -2368771,  -1225271,
  -1257559,   1142228,   1517248,  -7778422,  -1733307,  -1544141,
  -5168434,   3919040,   1379528,  -5152212, -14956077, -15010281,
  -1996393,  -1785056,  -3199024,  -3954897,  -2503670,  -4568129,
  -1277420,    102058,   3198213,  -6004834,  -1579437,   9563652,
   -146178,   -106418,    -81968,   1318504,   -838181,   -809205,
  -1197217,    321988,   1677085,   -495026,    393228,    642730,
   -913139,   -910948,  -1384543,  -1249486,    527322,   1555940,
   1777437,   -318896,   1831454,   -476864,   1224177,   -662168 },
{  1250340,   1218871,  -1090475,  -1089813,   1601939,   1236864,
   -578000,   -533396,   -861888,   -962546,   -664404,  -1034744,
    238423,    598938,   1102581,  -2161491,   -744361,   -784368,
  -1911570,   1422213,    452829,  -2127711,  -5499032,  -5549450,
   -812280,   -851404,     94337,    245672,   -646979,    257121,
    613866,   1144549,   1279848,  -2452839,    323947,   -146178,
   8838223,    129822,    106460,  -3781000,    978397,    950268,
  -2389032,   -686959,  -3009043,    548512,  -1637754,  -1939260,
   1143706,   1010841,   1661983,   1453029,  -1245950,  -1105731,
  -1908689,   -872500,  -2607359,    887605,  -2120318,   -762565 },
{  -699051,   -700064,    331067,    119334,   -856517,   -894703,
    357487,    449148,    762433,    746717,    614133,    544433,
    462669,   -102712,   -184126,   1501233,    921020,    985452,
   1277831,   -446145,   -128851,   1175047,   2838837,   2760215,
    784881,    930039,    278625,     84620,    958975,    -40389,
    998578,    128732,    -89116,   1523012,  -1105324,   -106418,
    129822,   9407258,  -3329207,   -543404,    495433,    481935,
   -639390,  -1645077,  -2949971,  -1125543,   -437749,   -331550,
    723091,    653061,    720077,    769009,   -491982,   -982378,
  -1366743,  -1520225,  -2789582,  -1051088,    760491,   -358717 },
{  -654566,   -634661,    236296,    419444,   -817212,  -1197329,
    367605,    352872,    675088,    749606,    645425,    606184,
    670075,     48775,   -184437,   1325224,    773952,    885839,
   1087315,   -526119,     99329,   1191243,   2653009,   2760215,
    857171,    885092,    223866,    174242,    915398,   -142522,
  -1141612,    125507,   -147602,   1570478,   1021651,    -81968,
    106460,  -3329207,   9412838,   -543963,    529994,    533542,
   -878505,  -1815960,  -2987879,  -1027427,   -342803,   -215904,
    671108,    727978,    768631,    578377,   -543201,   -699854,
    759555,  -1492685,  -2966777,   -947133,  -1393669,   -375174 },
{   961558,    957048,   -551403,   -786927,    825017,   1736061,
   -646039,   -885457,   -804551,   -760829,  -1082134,   -476333,
    314213,   1098536,   1235250,  -2446757,   -860450,  -1107901,
  -2245147,   1510412,    589815,  -2026174,  -5547818,  -5549450,
   -502614,   -756411,     -1227,     69164,   -912326,    367959,
    274748,   -700360,   1323054,  -2067370,    613824,   1318504,
  -3781000,   -543404,   -543963,   9322729,    990421,    993122,
  -2766044,   -920818,  -3085722,    719448,  -1609236,  -1539816,
   1326448,   1448740,    981107,   1344461,   -797117,  -1314329,
  -1795929,   1202468,  -3038978,    843359,  -1429736,  -3222343 },
{ -2338987,  -2629675,   2892697,   3367082,  -3038222,  -3427987,
   2484350,   2684378,   2122875,   2024721,   2441715,   2033048,
   -672481,  -1137672,  -2015041,   7918006,   2177367,   2315732,
   5878400,  -3928170,  -1361698,   5763885,  15749833,  15661640,
   2435906,   2516119,   1998075,   2035174,   2433740,   2032813,
   -398265,   -851573,  -2640907,   5007404,   -400720,   -838181,
    978397,    495433,    529994,    990421,   5600698,  -7094995,
   3505347,   1677739,   8777107,  -3043075,    174980,     -6288,
  -5704747,  -5414472,  -5816802,  -5963228,   1298304,   2336971,
    941672,   -922438,   7623462,  -1994802,    918570,   1451741 },
{ -2621631,  -2235002,   2810799,   3316348,  -2961270,  -3398261,
   2560723,   2523291,   2007541,   2095214,   2443669,   2032012,
   -566615,  -1030484,  -1859118,   7606452,   2171512,   2157857,
   5664632,  -3932323,  -1180023,   5756828,  15441678,  15661640,
   2422919,   2516287,   1954983,   2040868,   2400479,   1977819,
   -403453,   -849399,  -4821370,   7163899,   -407706,   -809205,
    950268,    481935,    533542,    993122,  -7094995,   5669038,
   3381247,   1560351,   8618204,  -2849997,    119959,    158191,
  -5430756,  -5669979,  -5805779,  -5828349,   1234328,   2315406,
    937305,   -900239,   9610408,  -4033535,    902614,   1438372 },
{  2873613,   2733295,  -2367546,  -2961598,   3416768,   5012230,
  -2311007,  -2661828,  -1390150,  -1355683,  -2964969,  -1039768,
  -1309880,   -190599,   2256388,  -6908594,  -1578001,  -1772253,
  -5254766,   3871650,   1389694,  -5394757, -14780057, -14868401,
  -1673523,  -1981708,  -1882173,  -2039600,  -2163102,  -1731039,
  -1280821,   1747805,   3326828,  -6403237,  -1344265,  -1197217,
  -2389032,   -639390,   -878505,  -2766044,   3505347,   3381247,
   9684432,    119461,   1491972,   -864527,  -1862235,  -1619349,
   -650694,   -930447,  -1076932,  -1168424,    832989,    -74466,
    856824,    741985,   1744852,   -825050,    859086,    695081 },
{  1261792,   1136430,  -1617469,  -1738843,   2474327,   1426003,
   -195134,   -154622,   -899468,   -815464,   -100626,  -1543121,
  -1073728,  -1133802,    834088,  -2985205,     82087,     29449,
  -2052598,   1934802,    949257,  -2209287,  -6668242,  -6558735,
  -1532476,  -1520743,   -989347,   -666835,  -1113484,  -1039554,
   1087012,  -1125075,     26654,  -4721012,   -157865,    321988,
   -686959,  -1645077,  -1815960,   -920818,   1677739,   1560351,
    119461,   9760389,   1434945,  -2639535,   -197156,   -543339,
  -1300570,  -1619230,  -1579874,  -1620101,     27263,   1559717,
   1159568,    218374,   3651176,   -685618,    106377,    630957 },
{  8000951,   7885100,  -4838379,  -6050705,   8116870,   9463295,
  -5880504,  -6156614,  -4708544,  -5012953,  -5598599,  -4192878,
   1594210,   2347281,   2086134, -19436137,  -6649715,  -5009984,
 -12525819,   8916034,   2644065, -15074258, -36591537, -36722790,
  -5928779,  -6312272,  -4837419,  -5288842,  -6239150,  -4723662,
   1393099,   2181772,   9292167, -15151743,    297588,   1677085,
  -3009043,  -2949971,  -2987879,  -3085722,   8777107,   8618204,
   1491972,   1434945,  13873087,  -3395506,    344530,    -88120,
  -2871807,  -2466149,  -2305917,  -2707507,   1670567,   2475144,
   1381304,    -88777,   5538967,  -1315201,    127143,    743682 },
{ -1746067,  -1626583,   1451362,   1707414,  -1917663,  -1841304,
   1481832,   1638839,   1257097,   1493020,   1199646,   1227365,
    361560,   -484327,   -801538,   4164401,   2701955,    946688,
   2249452,  -2690702,  -1080600,   4780945,   9732117,   9672038,
   1352122,   1579176,   1501913,   1679362,   1369007,   1379294,
    592586,   -307616,  -2513710,   5283223,   -536963,   -495026,
    548512,  -1125543,  -1027427,    719448,  -3043075,  -2849997,
   -864527,  -2639535,  -3395506,  14738568,   -577570,   -177486,
   8031699,   7662445,   9117774,   9535613,  -6246703,  -8146638,
  -1076730,   2607313, -18135663,   7145410,  -2145377,  -2919021 },
{     6638,    -58766,   -568191,    789397,    572557,    154862,
   -645252,    973738,    336976,    421631,   -218183,   -664222,
    472243,    960682,   -649920,    147843,  -2078191,   -309783,
   -760678,    481386,    338992,   -306775,  -1394283,  -1267248,
  -1765015,    443212,   -378133,    -63614,  -1551509,  -2100472,
    376394,    882249,    -56919,   -625742,    876120,    393228,
  -1637754,   -437749,   -342803,  -1609236,    174980,    119959,
  -1862235,   -197156,    344530,   -577570,   8948369,  -1764389,
   2088085,   2503927,   2545236,   1574731,  -1638344,  -2525936,
    -59661,   1356156,  -5360968,   1502987,    392027,   -368960 },
{   -47636,    124832,    978772,   -308316,   -258900,   -198796,
    765355,   -705099,   -271853,   -389564,    621491,    753326,
    414552,    908055,   1155134,  -1345055,   -154198,  -1779855,
   -200644,    192736,   -127446,   -304869,   -684778,   -854505,
    288456,  -1765501,  -1579650,  -1983947,    -55720,     68686,
     72343,    761661,   -250815,   -179878,    576127,    642730,
  -1939260,   -331550,   -215904,  -1539816,     -6288,    158191,
  -1619349,   -543339,    -88120,   -177486,  -1764389,   9130925,
   2218720,   2309016,   1411297,   2630133,  -1528201,  -2222238,
   -340818,   1438399,  -5296828,   1729061,    115197,   -229295 },
{ -5088578,  -4795309,    574172,   1178460,  -3200854,  -3804025,
   2637470,   2787313,   2382850,   2325617,   2897493,   2349673,
   -597724,  -1281146,   -692225,   8477804,   2614010,   2773685,
   5096033,  -4163786,  -1231583,   6116930,  17053686,  17073993,
   2407858,   2589914,   2169282,   2125508,   2828224,   2239639,
   -801939,  -1217332,  -4451120,   7573329,   -238217,   -913139,
   1143706,    723091,    671108,   1326448,  -5704747,  -5430756,
   -650694,  -1300570,  -2871807,   8031699,   2088085,   2218720,
   5288782,  -2468150,  -3178646,  -3176211,   1064242,   1810760,
    357359,  -1230268,   7368719,  -2040753,    949232,   1171497 },
{ -5013620,  -5249849,   2759542,   3734616,  -5353978,  -5955104,
   2458334,   2932584,   2263714,   2413194,   2894383,   2331917,
   -260047,   -997818,  -1974792,   9636350,   2515825,   2303574,
   7585065,  -3890368,  -2950726,   5044574,  16846975,  17073993,
   2242905,   2723308,   1939921,   2331261,   2821130,   2209012,
   -841500,  -1182985,  -3165932,   6289278,   -239680,   -910948,
   1010841,    653061,    727978,   1448740,  -5414472,  -5669979,
   -930447,  -1619230,  -2466149,   7662445,   2503927,   2309016,
  -2468150,   5337396,  -5819478,  -6125576,   3533536,   4354519,
    428621,  -1309456,   9322395,  -3447675,   1028222,   1316063 },
{ -3253847,  -3154841,    386836,   3617835,  -3054952,  -4195634,
    907216,   3357426,   2150539,   2271141,   1396294,    192786,
   -772016,  -1308632,  -1934348,   9222882,   2606238,   3556282,
   6981948,  -6141496,   -956807,   5755905,  16925457,  17227159,
   2337000,   3868037,   2835185,   3175056,   3000805,   1929147,
   -544546,  -1419944,  -3434306,   6598196,   -462730,  -1384543,
   1661983,    720077,    768631,    981107,  -5816802,  -5805779,
  -1076932,  -1579874,  -2305917,   9117774,   2545236,   1411297,
  -3178646,  -5819478,  11962726,   1120471,  -1276353,  -2407025,
   -519383,    544834,  -4922921,   2040958,   -357661,   -999724 },
{ -3180615,  -3094350,   3123220,   1360963,  -4014445,  -4485277,
   2880116,   1068284,    755793,    678383,   3009586,   2496085,
   -887315,  -1286716,  -2169637,   9766063,   3755822,   2884208,
   5551021,  -4425174,  -1519733,   5855058,  17740069,  17639902,
   3499857,   2631217,   2284326,   2199594,   3768919,   3196402,
   -895294,  -1535269,  -3564544,   7073180,   -697919,  -1249486,
   1453029,    769009,    578377,   1344461,  -5963228,  -5828349,
  -1168424,  -1620101,  -2707507,   9535613,   1574731,   2630133,
  -3176211,  -6125576,   1120471,  11932308,  -1257381,  -1942319,
   -740746,    603229,  -4828882,   2181421,   -504243,   -933866 },
{  2711412,   2642865,  -1235398,  -2307922,    410478,   2898985,
  -2988096,  -3746916,   -943518,  -1024047,  -3031303,   -814587,
    216603,   1401975,    884616,  -6790882,  -2042299,  -2088659,
  -4598968,   3039163,    628094,  -3347241, -10816408, -13090061,
  -1642341,  -2338451,  -1471866,  -1918560,  -2097824,  -1858975,
   -133277,   1248311,   3493641,  -3058860,    368196,    527322,
  -1245950,   -491982,   -543201,   -797117,   1298304,   1234328,
    832989,     27263,   1670567,  -6246703,  -1638344,  -1528201,
   1064242,   3533536,  -1276353,  -1257381,  12468168,   2467027,
    616024,  -1458923,   8802460,  -2560956,    999619,   1240917 },
{  3844202,   3795316,  -2188412,  -2689133,   3983005,   1978361,
  -1995274,  -2087932,  -3487005,  -3555556,  -2134450,  -3847450,
   1073384,    747166,   1606568,  -8657391,  -3216470,  -2834284,
  -6184469,   4071256,   1443407,  -5023645, -17150081, -15153773,
  -2653975,  -2857429,  -2331364,  -2327297,  -2821885,  -2543681,
    916054,    347458,   3467468,  -5889436,   1243333,   1555940,
  -1105731,   -982378,   -699854,  -1314329,   2336971,   2315406,
    -74466,   1559717,   2475144,  -8146638,  -2525936,  -2222238,
   1810760,   4354519,  -2407025,  -1942319,   2467027,  13625898,
    957609,  -1467811,  10212037,  -2432498,   1187653,   1760262 },
{   880534,    872576,   -119033,   -407480,   1088413,   1142239,
   -783123,   -673963,   -942169,   -851184,   -403409,   -315744,
  -1323896,    -70699,     60140,  -2361496,  -2271286,  -2541311,
  -1312378,   1008284,    427124,  -1292896,  -3704620,  -3685660,
   -104749,   -336626,    603310,    474751,   -223074,   -956770,
  -1535713,   -226997,    724596,  -1742525,    216098,   1777437,
  -1908689,  -1366743,    759555,  -1795929,    941672,    937305,
    856824,   1159568,   1381304,  -1076730,    -59661,   -340818,
    357359,    428621,   -519383,   -740746,    616024,    957609,
   8529162,     44483,  -3881070,    914013,  -2915631,  -1377678 },
{ -1042552,  -1015702,    987303,   1067944,  -1375640,   -988737,
    393286,    -44993,    853872,    779183,    839727,   1314137,
   -231085,  -1684165,  -2105033,    460093,    202674,    179041,
   1910194,   -859215,    -92232,   1911983,   4622406,   4624005,
   1590181,   1456269,    774412,    231166,   -602973,    713196,
   -471115,  -1943992,   -622178,   2385418,    769755,   -318896,
   -872500,  -1520225,  -1492685,   1202468,   -922438,   -900239,
    741985,    218374,    -88777,   2607313,   1356156,   1438399,
  -1230268,  -1309456,    544834,    603229,  -1458923,  -1467811,
     44483,   9139606,  -4197005,  -1086105,    333347,  -1196056 },
{  6946781,   6779035,  -5601207,  -6848988,   8044077,   9409193,
  -5564831,  -5854907,  -5023503,  -4684921,  -5502336,  -4125681,
    509060,   2374406,   4180691, -18777173,  -5822175,  -5926123,
 -14358844,   8542837,   2537576, -12155731, -35229968, -35368479,
  -6486955,  -4733684,  -4564306,  -5196035,  -4947020,  -4624084,
    418431,   1859797,   6745180, -14706099,   1283325,   1831454,
  -2607359,  -2789582,  -2966777,  -3038978,   7623462,   9610408,
   1744852,   3651176,   5538967, -18135663,  -5360968,  -5296828,
   7368719,   9322395,  -4922921,  -4828882,   8802460,  10212037,
  -3881070,  -4197005,  13337711,  -3610183,   1073383,    753978 },
